1729
1729
1950
2049
2278
2376
2322
2477
2441
2283
2221
1927
1686
1729
1768
2027
2124
2249
2189
2316
2366
2296
2119
1842
1669
1687
1863
2010
2076
2146
2289
2320
2362
2360
2270
2008
1729
1653
1753
1950
2047
2167
2200
2381
2401
2405
2304
2063
1826
1820
1997
2189
2349
2545
2529
2582
2639
2620
2505
2363
2048
2030
2106
2436
2564
2762
2965
3040
3106
3181
2977
2664
2460
2483
2629
2796
2852
3038
3196
3342
3356
3390
3118
2812
2475
2619
2591
2809
2988
3168
3462
3592
3639
3394
3166
2797
2514
2593
2893
3205
3302
3459
3465
3492
3809
3453
3163
2993
2474
2427
2633
2826
2921
3120
2984
3314
3223
3039
2919
2858
2440
2433
2526
2806
3128
3455
3441
3603
3669
3804
3453
3104
2710
2639
2834
3313
3372
3480
3632
3655
3725
3676
3346
3078
2753
2736
2932
3278
3654
3828
3787
3809
3920
4083
3808
3456
3062
2962
3324
3662
3840
4031
4048
4185
4316
4143
3835
3438
2875
2883
3172
3363
3695
4113
3888
3664
3870
3786
3584
3312
2848
2931
3223
3426
3759
3822
3620
3906
4070
4174
4074
3918
3523
3592
3808
